NAME: bays29
TYPE: TSP
COMMENT: 29 cities in Bavaria, street distances (Groetschel,Juenger,Reinelt)
DIMENSION: 96
EDGE_WEIGHT_TYPE: EXPLICIT
EDGE_WEIGHT_FORMAT: FULL_MATRIX 
DISPLAY_DATA_TYPE: TWOD_DISPLAY
EDGE_WEIGHT_SECTION
0 1251 2155 4126 2684 5389 696 6081 22933 8405 14712 20754 27940 6474 18542 30788 42973 58245 11901 31805 23453 53567 61205 62195 128158 129107 151643 130143 143093 149558 129593 135593 169247 161278 150511 141382 111845 119885 123491 115509 132068 141501 134593 121623 110352 112117 116662 101501 78393 100567 65306 63411 72347 30053 31792 29582 29573 34685 26266 24006 46646 39505 52595 75439 64250 56427 86237 46017 108684 107208 104491 83774 60086 105148 107229 82449 54802 112376 67723 66792 47138 55868 104613 106562 109476 97307 83581 82454 94827 88946 178073 198360 202435 192881 170651 167481
1233 0 2711 2712 3098 4413 537 5105 21957 6049 14673 20715 28664 10790 19199 31445 43630 58902 9599 29503 21150 54290 61929 62919 128881 129830 152367 130867 143817 150282 130316 136317 169970 162002 151234 142105 112568 120608 124215 116233 132791 142225 135317 122346 111075 112840 117385 102224 79116 101291 66029 64135 73071 29077 30817 28606 28597 33709 25291 23030 44343 38529 51619 74463 63274 55451 85261 45041 106382 104906 102189 81472 57784 102846 104926 80147 52500 110074 68380 67449 47795 56524 105269 107219 110132 97964 84238 83111 95484 89603 178796 199083 203159 193604 171374 168204
1858 2775 0 4310 4516 10021 2220 10679 20710 8373 14679 22562 24918 4231 19814 32060 49253 64525 20569 40473 32121 50544 58183 59173 125135 126084 148621 127121 140071 146536 126570 132571 166225 158256 147488 138359 108822 116862 120469 112487 129045 138479 131571 118600 107329 109094 113639 98479 75371 97545 62284 60389 69325 37012 38752 36541 36532 41644 33226 28604 55314 44104 59555 82398 71209 63386 93196 52976 117352 115876 113159 92443 68754 113816 115897 91117 63470 121045 68994 68064 48410 57139 105884 107834 110747 98579 84853 83726 96099 90218 175050 195337 199413 189858 167628 164458
4116 3274 4337 0 5473 3985 3420 4644 23857 3337 12261 18303 25952 8078 23666 35913 53106 68377 12713 32617 24265 51578 59217 60207 126169 127118 149655 128155 141105 147570 127604 133605 167259 159290 148522 139393 109856 117896 121503 113521 130079 139513 132605 119634 108363 110128 114673 99513 76405 98579 63318 61423 70359 30977 32716 30505 30497 35609 27190 22569 47458 38068 53519 76363 65174 57350 87161 46941 109497 108020 105303 84587 60899 105960 108041 83262 55614 113189 72847 71917 52263 60992 109737 111687 114600 102431 88705 87579 99952 94071 176084 196371 200447 190892 168662 165492
2798 3185 4216 5489 0 10869 2630 12861 28297 18401 25756 31349 33705 12984 18647 30893 48086 63358 9262 29166 20814 59331 66970 67960 133922 134872 157408 135908 148858 155323 135357 141358 175012 167043 156275 147146 117610 125649 129256 121274 137833 147266 140358 127387 116116 117881 122426 107266 84158 106332 71071 69176 78112 35417 37156 34945 34936 40049 31630 29356 44007 44855 57959 80803 69614 61790 91601 51380 106045 104569 101852 81135 57447 102509 104590 79810 52163 109737 67828 66897 47243 55972 104717 106667 109581 97412 83686 82559 94932 89051 183837 204124 208200 198645 176416 173245
5318 4983 9895 3941 11432 0 5129 1825 20387 6623 15565 24912 29256 11382 25947 38193 55386 70658 9244 29148 20796 54882 62521 63511 129474 130423 152959 131459 144409 150874 130909 136909 170563 162594 151827 142697 113161 121201 124807 116825 133384 142817 135909 122938 111667 113432 117977 102817 79709 101883 66622 64727 73663 27507 29247 27036 27027 32139 23721 19750 43989 35249 50049 72893 61704 53881 83691 43471 106027 104551 101834 81117 57429 102491 104572 79792 52145 109719 75128 74197 54543 63272 112017 113967 116881 104712 90986 89859 102232 96351 179389 199675 203751 194196 171967 168797
696 747 2185 3375 2606 5105 0 5797 22649 6711 14604 20646 28372 6242 18661 30908 43093 58365 11823 31727 23375 53998 61637 62626 128589 129538 152075 130575 143524 149990 130024 136025 169678 161710 150942 141813 112276 120316 123922 115941 132499 141933 135024 122054 110783 112548 117093 101932 78824 100999 65737 63842 72778 29769 31509 29298 29289 34401 25983 23722 46568 39222 52312 75155 63966 56143 85953 45733 108606 107130 104413 83697 60008 105070 107151 82371 54724 112299 67842 66912 47258 55987 104732 106682 109595 97426 83700 82574 94947 89065 178504 198791 202867 193312 171082 167912
6054 5719 10602 4648 7120 2011 5865 0 17153 6139 16272 21678 29963 12089 27929 40176 57368 72640 11226 31130 22778 55589 63228 64218 130181 131130 153666 132166 145116 151581 131616 137616 171270 163301 152533 143404 113868 121908 125514 117532 134091 143524 136616 123645 112374 114139 118684 103524 80416 102590 67329 65434 74370 24273 26013 23802 23793 28905 20487 18226 45971 33726 46816 69659 58471 50647 80457 40237 108009 106533 103816 83100 59411 104473 106554 81774 54127 111702 77110 76180 56526 65255 114000 115950 118863 106694 92968 91842 104215 98333 180095 200382 204458 194903 172674 169504
20681 21080 23975 17952 31063 20865 20512 19358 0 14802 7085 6383 21603 22098 37687 49933 67126 82398 28874 48778 40426 49068 56707 57697 123659 124609 147145 125645 138595 145060 125094 131095 164749 156780 146012 136883 107347 115386 118993 111011 127570 137003 130095 117124 105853 107618 112163 97003 73895 96069 60808 58913 67849 16666 18405 16195 16186 21792 12120 23039 49359 38538 39702 62546 51357 43534 73344 33124 125658 124181 89309 100748 77059 122121 124202 99423 71775 129350 86867 85937 66283 75012 123757 125707 128620 116452 84453 101599 113972 108091 173574 193861 197937 188382 166153 162982
8342 6612 8464 3338 8811 6463 6758 7122 19950 0 8874 14916 22683 9021 25968 38214 55407 70679 15192 35096 26743 48309 55948 56937 122900 123849 146385 124886 137835 144301 124335 130335 163989 156021 145253 136124 106587 114627 118233 110252 126810 136243 129335 116365 105094 106859 111404 96243 73135 95310 60048 58153 67089 27070 28810 26599 26590 31702 23284 22711 49936 38211 49613 72456 61267 53444 83254 43034 111975 110499 107782 87065 63377 108439 110520 85740 58093 115667 75148 74218 54564 63293 112038 113988 116901 104733 91007 89880 102253 96372 172815 193102 197178 187623 165393 162223
14645 15044 14767 11916 27064 15053 14476 15712 7233 8767 0 6884 16765 16840 32428 44675 61868 77139 23782 43686 35334 43810 51449 52439 118401 119350 141887 120387 133337 139802 119836 125837 159491 151522 140754 131625 102088 110128 113735 105753 122311 131745 124837 111866 100595 102360 106905 91745 68637 90811 55550 53655 62591 22774 24514 22303 22294 27900 18228 28349 58527 43849 45811 68654 57465 49642 79452 39232 120565 119089 116372 95655 71967 117029 119110 94330 66683 124257 81609 80679 61025 69754 118499 120449 123362 111193 79195 96341 108714 102832 168316 188603 192679 183124 160894 157724
20338 20737 22070 17609 30417 20746 20169 21405 6349 14460 6742 0 18385 20193 35782 48028 65221 80493 29475 49379 41027 44226 51865 52855 118817 119766 142303 120803 133753 140218 120252 126253 159907 151938 141170 132041 102504 110544 114151 106169 122727 132161 125253 112282 101011 102776 107321 92160 69053 91227 55965 54071 63007 21955 23694 21484 21475 27081 17408 27530 53850 43029 44991 67835 56646 48822 78633 38413 126258 124782 93800 101348 77660 122722 124803 100023 72376 129950 84962 84032 64378 73107 121852 123802 126715 114547 79611 99694 112067 106186 168732 189019 193095 183540 161310 158140
27904 29252 24781 25978 33128 29115 26297 29774 21598 22689 16753 18425 0 22904 38493 50739 67932 83204 39249 59152 50800 23809 31448 32438 105025 105974 128511 107011 119960 126426 106460 112461 146114 138146 127378 118249 88712 96752 100358 92377 108935 118369 111460 98490 87219 88984 93529 78368 55260 77435 42173 40278 49215 56107 57847 55636 55627 60739 52321 47699 73993 63199 78650 101493 90304 82481 112291 72071 136032 134555 131838 111122 87434 132495 134576 109797 82149 139724 87674 86743 67089 75819 124563 126513 129427 117258 59194 102405 114778 108897 154940 175227 179303 169748 147518 144348
5906 6823 4153 8215 12488 11352 6268 12011 22243 10709 17000 20397 22753 0 17852 30099 47292 62563 18608 38512 30160 48379 56018 57008 122970 123919 146456 124956 137906 144371 124405 130406 164060 156091 145323 136194 106657 114697 118304 110322 126880 136314 129406 116435 105164 106929 111474 96314 73206 95380 60119 58224 67160 38344 40083 37873 37864 42976 34557 29936 53353 45436 60886 83730 72541 64718 94528 54308 115391 113915 111198 90481 66793 111855 113936 89156 61509 119083 67033 66103 46449 55178 103923 105873 108786 96617 82891 81765 94138 88257 172885 193172 197248 187693 165463 162293
17071 17722 18602 22678 17171 24898 17167 26474 42326 25172 31463 34861 37216 16495 0 15962 32964 44372 23291 43195 34843 62842 70481 71471 137434 138383 160919 139419 152369 158834 138869 144869 178523 170554 159787 150657 121121 129161 132767 124785 141344 150777 143869 130898 119628 121392 125937 110777 87669 109843 74582 72687 81623 49446 51185 48974 48965 54078 45659 43385 58036 58884 71988 94832 83643 75819 105630 65409 120074 118598 115881 95164 71476 116538 118619 93839 66192 123766 52896 51966 32312 41041 89786 91736 94649 82480 68754 67628 80001 74119 187349 207635 211711 202156 179927 176757
30290 30942 31822 35898 30390 38117 30387 39694 55545 38391 44682 48080 50436 29714 16271 0 54174 41193 36510 56414 48062 37932 44628 45617 150653 151602 174138 152639 165588 172054 152088 158088 191742 183774 173006 163877 134340 142380 145986 138005 154563 163996 157088 144118 132847 134612 139157 123996 100888 123063 87801 85906 94842 62665 64404 62194 62185 67297 58878 56604 71255 72104 85207 108051 96862 89039 118849 78629 133293 131817 129100 108384 84695 129757 131838 107058 79411 136986 39003 38072 18418 27147 75892 77842 80756 68587 54861 53734 66107 60226 200568 220855 224931 215376 193146 189976
42994 43645 49530 53606 43647 51375 43090 53366 68802 56100 62391 65788 68144 47423 32940 54216 0 15616 49768 56833 61319 93770 101409 102399 168361 169311 191847 170347 183297 189762 169796 175797 209451 201482 190714 181585 152049 160088 163695 155713 172272 181705 174797 161826 150555 152320 156865 141705 118597 140771 105510 103615 112551 75922 77662 75451 75442 80554 72136 69861 84512 85361 98465 121308 110120 102296 132107 91886 111603 110127 149546 86694 97953 108067 110148 85369 52756 115296 56723 58049 70566 79296 128041 129990 132904 120735 107009 105882 72144 57687 218276 238563 242639 233084 210855 207685
58805 59457 65341 69417 59458 67186 58902 69178 84614 71911 78202 81600 83955 63234 45339 41686 16155 0 65579 72644 77130 80459 87155 88144 184173 185122 207658 186158 199108 205573 185608 191608 225262 217293 206526 197396 167860 175900 179506 171524 188083 197516 190608 177638 166367 168131 172677 157516 134408 156582 121321 119426 128362 91733 93473 91262 91253 96366 87947 85673 100324 101172 114276 137120 125931 118107 147918 107697 127127 125651 165070 102218 113764 123591 125672 100893 68280 130820 45002 46328 43924 52350 92379 94329 97242 85074 80063 63209 56535 42078 234088 254375 258450 248895 226666 223496
10921 10807 21205 13164 10246 9901 10954 11893 27329 17434 24788 31854 39819 19098 24761 37007 54200 69472 0 15467 15309 65445 73084 74074 140036 140985 163522 142022 154972 161437 141471 147472 181126 173157 162389 153260 123723 131763 135370 127388 143946 153380 146472 133501 122230 123995 128540 113380 90272 112446 77185 75290 84226 34449 36188 33978 33969 39081 30662 28388 38503 43888 56991 79835 68646 60823 90633 50413 100541 99065 96348 75631 51943 97005 99086 74306 46659 104233 73942 73011 53357 62086 110831 112781 115695 103526 89800 88673 101046 95165 189951 210238 214314 204759 182529 179359
22873 30660 41057 33016 30098 29754 30806 31745 47181 37286 44641 51706 59671 38950 44613 56859 56797 72069 15487 0 9252 85297 92936 93926 159889 160838 183374 161874 174824 181289 161324 167324 200978 193009 182242 173112 143576 151616 155222 147240 163799 173232 166324 153354 142083 143847 148393 133232 110124 132298 97037 95142 104078 54301 56041 53830 53821 58933 50515 48240 32682 63740 76844 99687 88499 80675 110485 70265 95628 94152 91435 70718 47030 92092 94173 69393 41746 99320 93794 92863 73209 81939 130684 132633 135547 123378 109652 108525 120898 115017 209804 230091 234166 224611 202382 199212
22809 22695 33093 25052 22134 21789 22842 23781 39217 29321 36676 43742 51707 30986 36649 48895 66088 81360 16359 9623 0 77333 84972 85962 151924 152873 175410 153910 166859 173325 153359 159360 193013 185045 174277 165148 135611 143651 147258 139276 155834 165268 158359 145389 134118 135883 140428 125267 102159 124334 89072 87177 96114 46337 48076 45866 45857 50969 42550 40276 24718 55775 68879 91723 80534 72710 102521 62301 87664 86187 80609 62754 36204 84127 86208 61429 33781 91356 85829 84899 65245 73974 122719 124669 127582 115414 101687 100561 112934 107053 201839 222126 226202 216647 194417 191247
54138 55487 51016 52213 59363 55350 52532 56009 49571 48923 44327 44950 23734 49139 64728 37919 94167 78844 65483 85387 77035 0 9663 10652 101182 102131 124667 103168 116117 122583 102617 108617 142271 134303 123535 114406 84869 92909 96515 88534 105092 114525 107617 94647 83376 85141 89686 74525 51417 73592 38330 36435 45371 82342 84081 81871 81862 86974 78555 73934 100228 89434 104884 127728 116539 108716 138526 98306 162266 160790 158073 137357 113668 158730 160811 136032 108384 165959 67375 66445 43528 34098 66030 70074 78048 53893 35385 60725 94480 88426 151097 171384 175459 165905 143675 140505
60965 62313 57842 59039 66189 62176 59358 62835 56397 55750 51153 51776 30561 55965 71554 43896 100993 84821 72310 92213 83861 8906 0 2182 89779 90728 113264 91765 104714 111180 91214 97214 130868 122899 112132 103003 73466 81506 85112 77130 93689 103122 96214 84345 73074 74839 79384 66206 32016 62188 26459 25017 37052 89168 90908 88697 88688 93800 85382 80760 107054 96260 111711 134554 123365 115542 145352 105132 169093 167616 164899 144183 120495 165556 167637 142858 115210 172785 73352 72422 49505 39292 63458 67501 75475 51321 32812 58153 100457 94403 139694 159981 164056 154502 132272 129102
62653 64001 59530 60727 67877 63864 61046 64523 58085 57438 52841 53464 32249 57653 73242 45584 102681 86509 73997 93901 85549 10594 1786 0 87597 88546 111083 89583 102532 108998 89032 95032 128686 120718 109950 100821 71284 79324 82930 74949 91507 100941 94032 82163 70892 72657 77202 64024 37832 60007 24277 22835 34871 90856 92596 90385 90376 95488 87070 82448 108742 97948 113399 136242 125053 117230 147040 106820 170781 169304 166587 145871 122183 167244 169325 144546 116898 174473 75040 74110 51193 40980 65146 69189 77163 53009 34500 59841 102145 96091 137512 157799 161875 152320 130090 126920
128012 129360 124890 126086 133236 129224 126405 129882 123444 122797 118200 118824 104949 123012 138601 150847 168040 183312 139357 159261 150908 101121 89532 87745 0 5938 26899 2661 20855 27321 9798 30402 62352 56087 45320 36191 21292 37707 28242 17179 7243 16677 9768 51692 63648 72193 76046 109735 56404 49943 63934 70660 83912 156215 157955 155744 155735 160847 152429 147807 174101 163307 178758 201601 190412 182589 212399 172179 236140 234664 231946 211230 187542 232604 234684 209905 182258 239832 187782 186851 167197 108902 94161 95401 103625 107806 87592 114638 214886 209005 55835 76122 80198 70643 48413 45243
128596 129944 125473 126670 133820 129807 126989 130466 124028 123381 118784 119408 105533 123596 139185 151431 168624 183896 139941 159844 151492 101705 90116 88329 6522 0 30757 6850 25436 31901 13548 28843 66933 54528 43760 34631 18106 38291 26682 17763 3359 12792 5884 47808 59763 68309 72161 87771 56987 50527 64518 71244 84496 156799 158539 156328 156319 161431 153013 148391 174685 163891 179342 202185 190996 183173 212983 172763 236724 235247 232530 211814 188126 233188 235268 210489 182842 240416 188366 187435 167781 109486 94745 95985 104209 108390 88176 115222 215470 209589 60415 80702 84778 75223 52994 49824
151697 153046 148575 149772 156922 152909 150091 153568 147129 146482 141886 142509 128634 146698 162287 174533 191726 206998 163042 182946 174594 124806 113217 111431 28241 30609 0 27064 19560 24483 34520 54088 65214 58235 47468 59876 44978 61392 51927 40865 29086 38472 31563 68262 80218 88763 92616 133420 80089 73628 87620 94345 107598 179901 181640 179430 179421 184533 176114 171493 197787 186993 202443 225287 214098 206274 236085 195865 259825 258349 255632 234916 211227 256289 258370 233590 205943 263518 211467 210537 190883 132588 117846 119086 127311 131492 111278 138324 238572 232691 58697 51694 83060 73505 23781 29210
129625 130973 126503 127700 134849 130837 128018 131496 125057 124410 119814 120437 106562 124625 140214 152461 169654 184925 140970 160874 152522 102734 91145 89358 2513 6794 26974 0 13295 19760 9337 32015 54791 57701 46933 37804 22905 39320 29855 18793 8163 17597 10688 52612 64568 73113 76966 111348 58017 51556 65548 72273 85525 157828 159568 157357 157348 162461 154042 149421 175715 164920 180371 203215 192026 184202 214013 173792 237753 236277 233560 212843 189155 234217 236298 211518 183871 241445 189395 188465 168811 110516 95774 97014 105238 109419 89205 116251 216500 210618 48274 68561 72637 63082 40852 37682
142880 144228 139758 140955 148104 144092 141273 144751 138312 137665 133069 133692 119817 137880 153469 165715 182908 198180 154225 174129 165776 115989 104400 102613 19424 25138 19590 13136 0 6841 14132 24482 45719 38741 27973 51059 36160 52575 43110 32047 23751 33000 26092 68016 79972 88517 92369 124603 71272 64811 78802 85528 98780 171083 172823 170612 170603 175715 167297 162676 188969 178175 193626 216470 205281 197457 227268 187047 251008 249532 246815 226098 202410 247472 249553 224773 197126 254700 202650 201720 182065 123770 109029 110269 118493 122674 102460 129506 229754 223873 39202 59489 63565 54010 20163 28610
149392 150740 146269 147466 154616 150603 147785 151262 144824 144177 139580 140203 126329 144392 159981 172227 189420 204692 160736 180640 172288 122501 110911 109125 25936 31650 24478 19648 6841 0 20644 27661 36857 40034 31152 33888 42672 59087 49622 38559 30263 39512 32604 74528 86483 95029 98881 131115 77783 71322 85314 92039 105292 177595 179335 177124 177115 182227 173809 169187 195481 184687 200137 222981 211792 203969 233779 193559 257520 256043 253326 232610 208921 253983 256064 231285 203637 261212 209162 208231 188577 130282 115540 116781 125005 129186 108972 136018 236266 230385 33361 43265 57724 48169 13322 18750
129885 131233 126763 127960 135109 131097 128278 131756 125317 124670 120074 120697 106822 124885 140474 152721 169913 185185 141230 161134 152782 102994 91405 89618 9304 13494 34177 9337 14175 20640 0 17015 46488 38519 27751 23242 23165 39580 30115 19053 15717 25150 18242 60166 72122 80667 84519 111608 58277 51816 65808 72533 85785 158088 159828 157617 157608 162721 154302 149681 175975 165180 180631 203475 192286 184462 214273 174052 238013 236537 233820 213103 189415 234477 236558 211778 184131 241705 189655 188725 169071 110775 96034 97274 105498 109679 89465 116511 216760 210878 49433 69720 73796 64241 33962 38841
136316 137664 133193 134390 141540 137527 134709 138186 131748 131101 126504 127127 113253 131316 146905 159151 176344 191616 147660 167564 159212 109425 97835 96049 29664 28554 53150 31650 24471 27588 16993 0 31753 23785 13017 7097 29596 24203 5813 15528 31515 40948 34040 75964 87920 97465 102010 118039 64707 58246 72238 78963 92216 164519 166259 164048 164039 169151 160733 156111 182405 171611 187061 209905 198716 190893 220703 180483 244444 242967 240250 219534 195845 240907 242988 218209 190561 248136 196086 195155 175501 117206 86980 88220 96445 116110 95896 122942 223190 217309 48810 69097 73173 63618 37775 38218
170115 171464 166993 168190 175340 171327 168509 171986 165547 164900 160304 160927 147052 165116 180705 192951 210144 225416 181460 201364 193012 143224 131635 129849 61495 67210 65271 55208 45804 36663 46496 31704 0 8319 19476 32122 63395 58275 39885 51732 65822 75072 68164 110088 122043 131265 135810 151838 98507 92046 106038 112763 126015 198319 200058 197847 197839 202951 194532 189911 216205 205410 220861 243705 232516 224692 254503 214283 278243 276767 274050 253333 229645 274707 276788 252008 224361 281935 229885 228955 209301 151006 115785 117026 125250 149910 129696 156742 256990 251109 27806 48093 34271 21513 30684 25326
162292 163641 159170 160367 167517 163504 160686 164163 157724 157077 152481 153104 139229 157293 172882 185128 202321 217593 173637 193541 185189 135401 123812 122026 55641 54531 58355 57627 38888 40103 38673 23881 8255 0 11653 24299 55572 50452 32062 43909 57492 66925 60017 101941 113896 123441 127987 144015 90684 84223 98215 104940 118192 190496 192235 190024 190015 195128 186709 182088 208382 197587 213038 235882 224693 216869 246680 206460 270420 268944 266227 245510 221822 266884 268965 244185 216538 274112 222062 221132 201478 143183 107962 109203 117427 142087 121873 148918 249167 243286 36061 56348 42526 29769 38939 33581
151407 152755 148285 149482 156631 152619 149800 153278 146839 146192 141596 142219 128344 146407 161996 174242 191435 206707 162752 182656 174303 124516 112927 111140 44755 43645 47470 46741 28003 31120 27788 12996 19504 11535 0 13413 44687 39567 21177 33024 46606 56040 49131 91056 103011 112556 117101 133130 79799 73338 87329 94055 107307 179610 181350 179139 179130 184242 175824 171202 197496 186702 202153 224996 213808 205984 235795 195574 259535 258059 255342 234625 210937 255999 258080 233300 205653 263227 211177 210247 190592 132297 97077 98317 106541 131201 110987 138033 238281 232400 41483 61770 53775 41017 39314 34550
142417 143766 139295 140492 147642 143629 140811 144288 137849 137202 132606 133229 119354 137418 153006 165253 182446 197717 153762 173666 165314 115526 103937 102151 35766 34656 59251 37752 50701 33742 23147 7073 32148 24179 13411 0 35697 24007 12187 24034 37617 47050 40142 82066 94021 103566 108112 124140 70809 47135 78340 85065 98317 170621 172360 170149 170140 175253 166834 162213 188507 177712 193163 216007 204818 196994 226805 186584 250545 249069 246352 225635 201947 247009 249090 224310 196663 254237 202187 201257 181603 123308 82812 84052 92276 82792 101997 129043 229292 223410 54964 75251 79327 69772 43929 44372
110798 112147 107676 108873 116023 112010 109192 112669 106231 105583 100987 101610 87735 105799 121388 133634 150827 166099 122143 142047 133695 83908 72318 70532 20741 21690 44227 22727 35676 42142 22176 28177 61830 53862 43094 33965 0 20187 18901 7387 24651 34085 27176 69101 70183 71948 76493 92522 39190 30406 46721 53446 66699 139002 140741 138531 138522 143634 135216 130594 156888 146094 161544 184388 173199 165376 195186 154966 218927 217450 214733 194017 170328 215390 217471 192692 165044 222619 170569 169638 149984 91689 74623 75864 84088 90593 70379 97425 197673 191792 70656 90943 95019 85464 63234 60064
119641 120989 116519 117716 124865 120853 118034 121512 115073 114426 109830 110453 96578 114641 130230 142477 159669 174941 130986 150890 142538 92750 81161 79374 37621 38570 61106 39607 52556 59022 39056 22280 58288 50320 39552 23964 20167 0 17815 19018 41531 50964 44056 85980 73003 74768 79313 101364 48033 22642 55564 62289 75541 147844 149584 147373 147364 152477 144058 139437 165731 154936 170387 193231 182042 174218 204029 163808 227769 226293 223576 202859 179171 224233 226314 201534 173887 231461 112818 111571 158827 94048 66860 68100 76325 66840 65913 96210 138172 143193 87536 107823 111899 102344 80114 76944
123457 124806 120335 121532 128682 124669 121851 125328 118889 118242 113646 114269 100394 118458 134046 146293 163486 178757 134802 154706 146354 96566 84977 83191 28007 26897 51493 29993 42942 49408 29442 5806 39897 31929 21161 12032 18880 17796 0 12850 29858 39291 32383 74307 86263 84606 89152 105180 51849 41406 59380 66105 79357 151661 153400 151189 151180 156293 147874 143253 169547 158752 174203 197047 185858 178034 207845 167624 231585 230109 227392 206675 182987 228049 230130 205350 177703 235277 183227 182297 162643 104348 80160 81400 89625 103252 83037 110083 210332 204450 77922 98209 102285 92730 70500 67330
115559 116908 112437 113634 120784 116771 113953 117430 110991 110344 105748 106371 92496 110560 126148 138395 155588 170859 126904 146808 138456 88668 77079 75293 16662 17611 40147 18648 31597 38063 18097 18556 52210 44241 33473 24344 7383 19011 12871 0 20572 30005 23097 65021 74944 76708 81254 97282 43951 37490 51482 58207 71459 143763 145502 143291 143282 148395 139976 135355 161649 150854 166305 189149 177960 170136 199947 159726 223687 222211 219494 198777 175089 220151 222232 197452 169805 227379 175329 174399 154745 96450 81708 82948 91172 95354 75139 102185 202434 196553 66577 86864 90939 81385 59155 55985
131515 132863 128392 129589 136739 132726 129908 133385 126947 126300 121703 122326 108452 126515 142104 154350 171543 186815 142859 162763 154411 104624 93034 91248 7400 3296 29553 7462 24779 31245 16467 31762 66276 57447 46679 37550 21025 41210 29601 20682 0 9965 3057 44981 56936 65482 69334 84944 59906 53446 67437 74163 87415 159718 161458 159247 159238 164350 155932 151310 177604 166810 182261 205104 193915 186092 215902 175682 239643 238166 235449 214733 191045 236106 238187 213408 185760 243335 191285 190354 170700 112405 97663 98904 107128 111309 91095 118141 218389 212508 59759 80046 84121 74567 52337 49167
140907 142255 137785 138981 146131 142119 139300 142777 136339 135692 131095 131719 117844 135907 151496 163742 180935 196207 152252 172155 163803 114016 102427 100640 16793 12688 38634 16970 33313 39778 25859 41154 74810 66839 56071 46942 30417 50602 38993 30074 9937 0 7123 35258 47213 55759 59611 75221 69298 62838 76829 83555 96807 169110 170850 168639 168630 173742 165324 160702 186996 176202 191653 214496 203307 195484 178235 185074 249035 247558 244841 224125 200437 245499 247579 222800 195153 252727 200677 199746 180092 121797 107056 108296 116520 120701 100487 127533 227781 221900 68293 88580 92655 83100 60871 57701
134066 135414 130944 132140 139290 135278 132459 135936 129498 128851 124255 124878 111003 129066 144655 156901 174094 189366 145411 165315 156962 107175 95586 93799 9952 5847 31794 10129 26472 32937 19019 34313 67969 59998 49230 40101 23576 43761 32152 23233 3096 7093 0 42109 54065 62610 66462 82073 62458 55997 69988 76714 89966 162269 164009 161798 161789 166901 158483 153861 180155 169361 184812 207655 196467 188643 218453 178233 242194 240718 238001 217284 193596 238658 240738 215959 188312 245886 193836 192905 173251 114956 100215 101455 109679 113860 93646 120692 220940 215059 61452 81739 85814 76259 54030 50860
121427 122776 118305 119502 126652 122639 119821 123298 116859 116212 111616 112239 98364 116428 132017 144263 161456 176728 132772 152676 144324 94536 83972 82186 51857 47752 68280 52035 68377 74843 60924 76218 109874 101903 91135 82006 65481 85666 74058 65138 45001 35154 42188 0 11670 20215 24067 39678 73282 83692 65091 60069 63688 180600 182943 113274 149151 175890 111886 141223 167517 156722 159946 182790 147265 163777 142691 110204 229555 228079 213574 204646 180957 226019 228100 203320 175673 233247 181197 180267 160613 169342 142120 143360 151584 132280 113772 195929 208302 202421 103357 123644 127720 118165 95935 92765
110140 111489 107018 108215 115365 111352 108534 112011 105572 104925 100329 100952 87077 105141 120730 132976 150169 165441 121485 141389 133037 83249 72685 70899 63804 59699 80227 63981 80324 86789 72871 88165 121821 113850 103082 93953 71393 73369 86004 75057 56948 47101 54134 11669 0 8928 12780 28390 61995 72405 53804 48782 52401 169103 171447 101777 103539 164393 100389 129936 156230 145435 148449 171293 135769 152281 131194 98707 218268 216792 202078 193359 169670 214732 216813 192033 164386 221960 169910 168980 149326 158055 118801 120042 128266 120993 102485 184642 197015 191134 115304 135591 139666 130112 107882 104712
111817 113165 108695 109892 117041 113029 110210 113688 107249 106602 102006 102629 88754 106817 122406 134652 151845 167117 123162 143066 134713 84926 74362 72575 72336 68231 88759 72514 88856 95322 81403 96818 130472 122503 111735 102606 73070 75045 84716 76734 65480 55633 62667 20201 8930 0 4545 20155 63671 74082 55480 50459 48504 91405 94277 90295 92058 99867 88907 131613 157907 147112 146990 169833 134309 150821 129735 87225 219945 218469 200618 195035 171347 216409 218490 193710 166063 223637 171587 170657 151002 159732 120478 121718 129943 122670 104162 186318 198691 192810 123836 144123 148199 138644 116414 113244
116324 117673 113202 114399 121549 117536 114718 118195 111756 111109 106513 107136 93261 111325 126914 139160 156353 171625 127669 147573 139221 89433 78869 77083 76273 72168 92696 76451 92794 99259 85340 101325 134979 127010 116243 107114 77577 79553 89223 81241 69417 59571 66604 24138 12867 4507 0 15903 68179 78589 59988 54966 46089 87153 90025 86043 87806 95615 84655 97934 125000 112676 142738 165581 130057 146569 125483 82973 224452 222976 196366 199543 175854 220916 222997 198217 170570 228145 176094 175164 155510 164239 124985 126226 134450 127177 108669 190826 203199 197318 127773 148060 152136 142581 120351 117181
101244 102593 98122 99319 106469 102456 99638 103115 96677 96029 91433 92056 78181 96245 111834 124080 141273 156545 112589 132493 124141 74353 65815 64029 109910 87782 133396 111896 124845 131311 111345 117345 150999 143031 132263 123134 93597 101637 105243 97262 85031 75184 82217 39752 28481 20121 16784 0 60145 82320 51954 43491 31096 129448 131187 128977 128968 134080 125661 121040 147334 136540 150616 173460 137936 154448 133361 88646 209372 207896 204245 184463 160774 205836 207917 183137 155490 213065 161015 160084 140430 149159 131281 199854 202767 119144 100636 175746 188119 182238 159825 180112 184188 174633 152403 149233
78625 79973 75503 76700 83849 79837 77018 80496 74057 73410 68814 69437 55562 73625 89214 101461 118653 133925 89970 109874 101521 38453 32269 38358 56020 56970 79506 58006 70956 77421 57456 63456 97110 89141 78373 69244 39708 47747 51354 43372 59931 69364 62456 72980 61709 63473 68019 60348 0 21352 9747 21273 34525 106828 108568 106357 106348 111461 103042 98421 124715 113920 129371 152215 141026 133202 163013 122792 186753 185277 182560 161843 138155 183217 185298 160518 132871 190445 82637 81390 59200 52550 71188 75231 83205 59050 40542 65882 107991 113012 105935 126222 130298 120743 98514 95344
100663 102012 97541 98738 105888 101875 99057 102534 96096 95448 90852 91475 77600 95664 111253 123499 140692 155964 112008 131912 123560 73773 62183 60397 50347 51296 73832 52332 65282 71747 51782 57782 91436 83467 72699 46558 30375 22646 41487 37698 54257 63690 56782 83625 72354 74118 78664 82386 21350 0 36586 43311 56564 128867 130606 128396 128387 133499 125080 120459 146753 135959 151409 174253 163064 155241 185051 144831 208791 207315 204598 183882 160193 205255 207336 182557 154909 212484 97949 96702 78088 71438 51991 53232 61456 51971 43303 81341 123303 128324 100261 120548 124624 115069 92840 89670
65990 67339 62868 64065 71215 67202 64384 67861 61422 60775 56179 56802 42927 60991 76580 88826 106019 121291 77335 97239 88887 39099 26601 24815 63905 64854 87391 65891 78841 85306 65340 71341 104994 97026 86258 77129 47592 55632 59239 51257 67815 77249 70341 64559 53288 55053 59598 51928 9619 36315 0 8119 21890 94194 95933 93723 93714 98826 90407 85786 112080 101285 116736 139580 128391 120567 150378 110158 174118 172642 169925 149209 125520 170582 172663 147883 120236 177810 125760 124830 105176 113905 80058 84102 92076 67921 49413 74753 152865 146984 113820 134107 138183 128628 106398 103228
62877 64226 59755 60952 68102 64089 61270 64748 58309 57662 53066 53689 39814 57877 73466 85713 102906 118177 74222 94126 85774 35986 25640 23854 71939 72888 95424 73925 86874 93340 73374 79374 113028 105059 94292 85163 55626 63666 67272 59290 75849 85282 78374 59328 48057 49822 54367 42816 22174 44348 8684 0 13588 91081 92820 90609 90600 95713 87294 82673 108967 98172 113623 136467 125278 117454 147265 107044 171005 169529 166812 146095 122407 167469 169550 144770 117123 174697 122647 121717 102063 110792 159537 161487 164400 81173 62665 137379 149752 143870 121854 142141 146216 136662 114432 111262
72889 74238 69767 70964 78114 74101 71283 74760 68321 67674 63078 63701 49826 67890 83478 95725 112918 128189 84234 104138 95786 45998 37460 35674 84871 85820 108357 86857 99807 106272 86306 92307 125961 117992 107224 98095 68559 76598 80205 72223 88782 98215 91307 64546 53275 47836 47810 31994 35107 57281 22020 14395 0 101093 102832 100621 100612 105725 97306 92685 118979 108184 123635 146479 135290 127466 157277 117056 181017 179541 176824 156107 132419 177481 179562 154782 127135 184709 132659 131729 112075 120804 169549 171499 174412 94105 75597 147391 159764 153882 134786 155073 159149 149594 127364 124194
29833 29498 37806 31851 35807 25610 29644 24103 19510 27244 24672 24035 57167 39293 50322 62569 79761 95033 33619 53523 45171 82793 90432 91422 157384 158333 180870 159370 172320 178785 158819 164820 198474 190505 179737 170608 141071 149111 152718 144736 161295 170728 163820 179960 168463 91302 87965 130728 107620 129794 94533 92638 101574 0 3259 1310 2003 4682 5572 12253 39318 26995 24290 47134 35945 28121 57932 17711 130402 128926 79269 105493 52991 126866 128947 104167 76520 134095 99503 98573 78919 87648 136393 138343 141256 129087 115361 114235 126608 120726 207299 227586 231662 222107 199877 196707
31676 31341 39649 33695 37651 27453 31488 25946 21353 29087 26515 25878 59010 41136 52166 64412 81605 96877 35463 55366 47014 84636 92275 93265 159228 160177 182713 161213 174163 180628 160663 166663 200317 192348 181581 172451 142915 150955 154561 146579 163138 172571 165663 152693 170913 94292 90955 132571 109463 131637 96376 94481 103417 3256 0 4164 3737 7047 7416 9298 36364 24040 26739 49583 38394 30571 60381 20161 132246 130769 76314 107336 50037 128709 130790 106011 78363 135938 101347 100416 80762 89491 138236 140186 143099 130931 117205 116078 128451 122570 209143 229430 233505 223950 201721 198551
29178 28843 37151 31196 35152 24955 28989 23447 18855 26589 24017 23380 56512 38638 49667 61913 79106 94378 32964 52868 44516 82138 89777 90767 156729 157678 180215 158715 171665 178130 158164 164165 197818 189850 179082 169953 140416 148456 152063 144081 160639 170073 163165 113311 101815 90216 86880 91702 106965 129139 93877 91983 100919 1403 4264 0 1643 6085 4917 12730 39796 27472 25693 48537 37348 29525 59335 19115 129747 128271 79746 104838 81149 126211 128292 103512 75865 133439 98848 97918 78263 86993 135738 137687 140601 128432 114706 113579 125952 120071 206644 226931 231007 221452 199222 196052
29480 29146 37454 31499 35455 25257 29292 23750 19158 26892 24320 23683 56815 38940 49970 62216 79409 94681 33267 53171 44819 82441 90080 91070 157032 157981 180518 159018 171967 178433 158467 164468 198121 190153 179385 170256 140719 148759 152365 144384 160942 170376 163467 150497 139226 91481 88145 130375 107267 129442 94180 92285 101222 1960 3448 1489 0 6642 5220 11357 38423 26099 30450 53294 42105 34282 64092 23872 130050 128574 78373 105140 52096 126514 128595 103815 76168 133742 99151 98220 78566 87296 136041 137990 140904 128735 115009 113882 126255 120374 206947 227234 231310 221755 199525 196355
36901 36566 44874 38919 42876 32678 36712 31171 26578 34312 31740 31103 64235 46361 57390 69637 86830 102101 40687 60591 52239 89861 97500 98490 164452 165402 187938 166438 179388 185853 165887 171888 205542 197573 186805 177676 148140 156179 159786 151804 168363 177796 170888 174881 163385 93993 90656 137796 114688 136862 101601 99706 108642 4739 7083 6049 6743 0 13908 16076 43142 30818 19211 42055 30866 23042 52853 12633 137471 135994 83092 112561 88872 133934 136015 111236 83588 141163 106571 105641 85987 94716 143461 145411 148324 136155 122429 121303 133676 127794 214367 234654 238730 229175 206946 203776
26780 26445 34754 28799 32755 22557 26592 21050 11830 24192 18164 17527 54114 36240 47270 59516 76709 91981 30567 50470 42118 79741 87379 88369 154332 155281 177817 156317 169267 175732 155767 161767 195421 187452 176685 167555 138019 146059 149665 141683 158242 167675 160767 111876 100380 88782 85445 90268 104567 126741 91480 89585 98521 5449 7188 4978 4969 10575 0 15098 42163 29839 28485 51329 40140 32317 62127 21907 127350 125873 82113 102440 78752 123814 125894 101115 73468 131042 96451 95520 75866 84595 133340 135290 138204 126035 112309 111182 123555 117674 204247 224534 228609 219054 196825 193655
23499 23164 31448 25493 29449 19276 23310 17769 21980 22295 27142 26505 50809 32935 43964 56210 73403 88675 27261 47165 38813 76435 84074 85064 151026 151975 174512 153012 165962 172427 152461 158462 192115 184147 173379 164250 134713 142753 146360 138378 154936 164370 157462 144491 133220 134985 98737 124369 101261 123436 88174 86280 95216 12624 9368 12984 11280 16416 15197 0 28046 15497 36108 58951 47763 39939 69749 29529 124044 122568 67997 99135 41720 120508 122589 97809 70162 127736 93145 92215 72560 81290 130035 131984 134898 122729 109003 107876 120249 114368 200941 221228 225304 215749 193519 190349
45631 45517 55915 47874 44956 44611 45664 46603 48358 52144 59499 52883 74529 53808 59471 71717 88910 104182 39182 32682 24330 100155 107794 108784 174746 175696 198232 176732 189682 196147 176181 182182 215836 207867 197099 187970 158434 166473 170080 162098 178657 188090 181182 168211 156940 158705 125817 148090 124982 147156 111895 110000 118936 39704 36449 40064 38361 43496 42278 28950 0 44449 63188 57902 74843 67019 96830 56609 103672 102196 54013 43332 13873 100136 102217 77437 49790 107364 108652 107721 88067 96796 145541 147491 150405 138236 124510 123383 135756 129875 224661 244948 249024 239469 217240 214070
38998 38663 46947 40993 44949 34775 38810 33268 37479 37795 42641 42004 66308 48434 59464 71710 88903 104175 42760 62664 54312 91934 99573 100563 166525 167475 190011 168511 181461 187926 167961 173961 207615 199646 188878 179749 150213 158252 161859 153877 170436 179869 172961 159990 148719 150484 113025 139869 116761 138935 103674 101779 110715 26912 23656 27272 25568 26107 29485 15497 43546 0 28241 33329 42133 34435 64120 34125 76437 77414 49424 114634 46869 136007 138088 113309 85661 143236 108644 107714 88060 96789 145534 147484 150397 138229 124503 123376 135749 129868 216440 236727 240803 231248 209019 205849
52292 51957 60265 54310 58266 48068 52103 46561 41969 49703 47131 46494 79626 61751 72781 85027 102220 117492 56078 75982 67630 105252 112891 113881 179843 180792 203329 181829 194778 201244 181278 187279 220932 212964 202196 193067 163530 171570 175176 167195 183753 193187 186278 159172 147676 146169 142832 149830 130078 152253 116991 115096 124033 23499 25842 29590 29581 18788 29298 34836 61901 28217 0 24115 15157 6194 37144 20567 152861 151385 76796 127951 104263 149325 151406 126626 98979 156553 121962 121031 101377 110107 158852 160801 163715 151546 137820 136693 149066 143185 229758 250045 254121 244566 222336 219166
75187 74852 83161 77206 81162 70964 74999 69457 64864 72599 70026 69389 102522 84647 95677 107923 125116 140388 78974 98878 90525 128148 135786 136776 202739 203688 226224 204725 217674 224140 204174 210174 243828 235860 225092 215963 186426 194466 198072 190091 206649 216082 209174 182068 170572 169064 165728 172725 152974 175149 139887 137992 146928 46394 48738 52485 52476 41684 52194 57731 84797 29856 24095 0 38053 29090 60040 43462 87573 88550 52790 150847 63392 172221 174302 149522 121875 179449 144858 143927 124273 133002 181747 183697 186611 174442 160716 159589 171962 166081 252654 272941 277016 267462 245232 242062
64469 64134 72442 66487 70443 60246 64280 58739 54146 61880 59308 58671 91803 73929 84958 97204 114397 129669 68255 88159 79807 117429 125068 126058 192020 192969 215506 194006 206956 213421 193455 199456 233110 225141 214373 205244 175707 183747 187354 179372 195930 205364 198456 145680 134184 132677 129340 136338 142256 164430 129169 127274 136210 35676 38019 41767 41758 30965 41475 47013 74078 42470 15022 37866 0 8512 22778 32744 165038 163562 90547 140129 116440 161502 163583 138803 111156 168731 134139 133209 113554 122284 171029 172978 175892 163723 149997 148871 161243 155362 241935 262222 266298 256743 234513 231343
56286 55951 64260 58305 62261 52063 56098 50556 45963 53698 51125 50488 83621 65746 76776 89022 106215 121487 60073 79977 71624 109247 116885 117875 183838 184787 207323 185824 198773 205239 185273 191273 224927 216959 206191 197062 167525 175565 179171 171190 187748 197181 190273 156366 144870 143362 140026 147023 134073 156247 120986 119091 128027 27493 29837 33584 33575 22783 33293 38830 65896 33563 6114 28958 8511 0 34338 24561 156856 155380 81639 131946 108258 153320 155401 130621 102974 160548 125957 125026 105372 114101 162846 164796 167710 155541 141815 140688 153061 147180 233753 254040 258115 248561 226331 223161
86228 85893 94202 88247 92203 82005 86040 80498 75905 83640 81067 80430 113562 95688 106718 118964 136157 151429 90015 109919 101566 139189 146827 147817 213780 214729 237265 215766 228715 235181 215215 221215 254869 246900 236133 227004 197467 205507 209113 201131 217690 177711 220215 142279 130783 129275 125939 132936 164015 186189 150928 149033 157969 57435 59779 63526 63517 52725 63235 68772 95838 64230 36781 59625 22745 31104 0 54503 186798 185322 82549 161888 138200 183262 185342 160563 132916 190490 155899 154968 135314 144043 192788 194738 197652 185483 171757 170630 183003 177122 263695 283982 288057 278503 256273 253103
46145 45810 54119 48164 52120 41922 45957 40415 35822 43557 40984 40347 73480 55605 66635 78881 96074 111346 49932 69836 61483 99106 106744 107734 173697 174646 197182 175683 188632 195098 175132 181132 214786 206818 196050 186921 157384 165424 169030 161049 177607 187040 180132 121612 110116 88049 84712 89535 123932 146107 110845 108950 117886 17352 19696 23443 23434 12642 23152 28689 55755 33938 19913 42757 31568 23744 53555 0 146715 145239 95705 121805 98117 143179 145260 120480 92833 150407 115816 114885 95231 103960 152705 154655 157569 145400 131674 130547 142920 137039 223612 243899 247974 238420 216190 213020
107982 107868 118265 110224 107306 106962 108014 108953 124389 114494 121849 128914 136879 116158 121821 134067 112282 127297 101532 96725 88373 162506 170144 171134 237097 238046 260582 239082 252032 258497 238532 244532 278186 270217 259450 250320 220784 228824 232430 224448 241007 250440 243532 230562 219291 221055 225601 210440 187332 209506 174245 172350 181286 131509 133249 131038 131029 136141 127723 125448 104627 76457 154052 87625 165707 157883 167367 147473 0 2799 39076 28133 64207 4379 89152 64372 60248 94300 171002 170071 150417 159147 207892 209841 212755 200586 186860 185733 198106 192225 287012 307299 311374 301819 279590 276420
105585 105471 115868 107827 104909 104565 105617 106556 121992 112097 119452 126517 134482 113761 119424 131670 109885 124900 99135 94328 85976 160108 167747 168737 234700 235649 258185 236685 249635 256100 236135 242135 275789 267820 257053 247923 218387 226427 230033 222051 238610 248043 241135 228165 216894 218658 223204 208043 184935 207109 171848 169953 178889 129112 130852 128641 128632 133744 125326 123051 102229 77342 151655 88510 163309 155486 185296 145076 2908 0 39961 25736 61810 6317 86755 61975 57851 91903 168605 167674 148020 156750 205495 207444 210358 198189 184463 183336 195709 189828 284615 304902 308977 299422 277193 274023
103376 103262 113660 105619 102701 102356 103409 84106 88317 109889 93479 92842 132274 111553 117216 129462 150384 165399 96926 89630 80438 157900 165539 166529 232491 233440 255977 234477 247427 253892 233926 239927 273581 265612 254844 245715 216179 224218 227825 219843 236402 245835 238927 212815 201319 199811 196474 203472 182727 204901 169640 167745 176681 79664 76408 80024 78320 83455 82237 68909 54045 52444 79763 55839 104181 84758 82374 96569 39073 40051 0 66235 44957 42482 127254 102475 98350 132402 166397 165466 145812 154541 203286 205236 208150 195981 182255 181128 193501 187620 282406 302693 306769 297214 274984 271814
82443 82329 92727 84686 81768 81423 82476 83415 98851 88956 96311 103376 111341 90620 96283 108529 86744 101759 75994 71187 62835 136967 144606 145596 211558 212508 235044 213544 226494 232959 212993 218994 252648 244679 233911 224782 195246 203285 206892 198910 215469 224902 217994 205023 193752 195517 200062 184902 161794 183968 148707 146812 155748 105971 107711 105500 105491 110603 102185 99910 43084 115410 128513 151357 140168 132345 162155 121935 26785 25309 64728 0 36397 23249 63614 38834 34710 68761 145464 144533 124879 133608 182353 184303 187217 175048 161322 160195 172568 166687 261473 281760 285836 276281 254052 250881
58946 58832 69230 61189 58270 57926 58978 59918 75354 65458 72813 79879 87844 67122 72785 85032 102224 117496 52496 45200 36007 113470 121109 122098 188061 189010 211546 190047 202996 209462 189496 195496 229150 221182 210414 201285 171748 179788 183394 175413 191971 201404 194496 181526 170255 172020 176565 161404 138296 160471 125209 123314 132250 53384 50128 82002 52040 87106 78687 42629 13879 46852 105016 63404 116671 108847 138658 98437 62908 61431 44932 36382 0 59371 101693 76914 41673 106841 121966 121036 101382 110111 158856 160806 163719 151550 137824 136698 149071 143189 237976 258263 262339 252784 230554 227384
104150 104036 114434 106393 103475 103130 104183 105122 120558 110662 118017 125083 133048 112327 117990 130236 108451 123465 97700 92894 84541 158674 166313 167303 233265 234214 256751 235251 248201 254666 234700 240701 274354 266386 255618 246489 216952 224992 228599 220617 237175 246609 239701 226730 215459 217224 221769 206608 183500 205675 170413 168518 177455 127678 129417 127207 127198 132310 123891 121617 100795 137116 150220 173064 161875 154051 163536 143642 4594 6259 42536 24301 60375 0 85321 60541 56416 90468 167170 166240 146586 155315 204060 206010 208923 196755 183029 181902 194275 188394 283180 303467 307543 297988 275758 272588
105477 105363 115760 107719 104801 104457 105509 106448 121884 111989 119344 126409 134374 113653 119316 131562 109777 124792 99027 94220 85868 160000 167639 168629 234592 235541 258077 236577 249527 255992 236027 242027 275681 267712 256945 247815 218279 226319 229925 221943 238502 247935 241027 228057 216786 218550 223096 207935 184827 207001 171740 169845 178781 129004 130744 128533 128524 133636 125218 122943 102122 138443 151547 174390 163202 155378 185188 144968 89110 87634 127052 64200 105871 85574 0 33800 57743 6741 168497 167566 147912 156642 205387 207336 210250 198081 184355 183228 195601 189720 284507 304794 308869 299314 277085 273915
81344 81230 91628 83587 80669 80324 81377 82316 97752 87856 95211 102277 110242 89521 95184 107430 85645 100659 74894 70088 61735 135868 143507 144497 210459 211408 233945 212445 225395 231860 211894 217895 251548 243580 232812 223683 194146 202186 205793 197811 214369 223803 216895 203924 192653 194418 198963 183802 160694 182869 147607 145713 154649 104872 106611 104401 104392 109504 101085 98811 77989 114311 127414 150258 139069 131245 161056 120836 64977 63501 102920 40068 81739 61441 42888 0 33610 48035 144364 143434 123780 132509 181254 183204 186117 173949 160223 159096 171469 165588 260374 280661 284737 275182 252952 249782
53912 53798 64196 56155 53237 52892 53945 54884 70320 60424 67779 74845 82810 62088 67751 79998 52645 67660 47462 42655 34303 108436 116075 117065 183027 183976 206513 185013 197962 204428 184462 190463 224116 216148 205380 196251 166714 174754 178360 170379 186937 196371 189462 176492 165221 166986 171531 156370 133262 155437 120175 118280 127217 77440 79179 76968 76960 82072 73653 71379 50557 86878 99982 122826 111637 103813 133624 93404 59050 57573 96992 34140 41924 55513 57594 32815 0 62742 116932 116002 96348 105077 153822 155772 158685 146516 132790 131664 144037 138155 232942 253229 257305 247750 225520 222350
110892 110778 121176 113135 110217 109872 110925 111864 127300 117404 124759 131825 139790 119068 124731 136978 115192 130207 104442 99635 91283 165416 173055 174044 240007 240956 263493 241993 254942 261408 241442 247443 281096 273128 262360 253231 223694 231734 235340 227359 243917 253351 246442 233472 222201 223966 228511 213350 190242 212417 177155 175260 184196 134420 136159 133948 133939 139052 130633 128359 107537 143858 156962 179806 168617 160793 190604 150384 94525 93049 132467 69615 111287 90989 7195 39215 63158 0 173912 172982 153328 162057 210802 212752 215665 203496 189770 188644 201017 195135 289922 310209 314285 304730 282500 279330
68033 68684 69564 73640 68132 75860 68129 77436 93288 76134 82425 85822 88178 67457 54013 38594 56753 44493 74253 94157 85804 67631 74327 75317 188395 189345 211881 190381 203331 209796 189830 195831 229485 221516 210748 201619 172083 111716 183729 175747 192306 201739 194831 181860 170589 172354 176899 161739 82379 96843 125544 123649 132585 100407 102147 99936 99927 105040 96621 94347 108998 109846 122950 145794 134605 126781 156592 116371 171036 169560 166843 146126 122438 167500 169581 144801 117154 174728 0 1797 21916 27596 46491 48441 51354 39185 44881 18678 28207 31682 238310 258597 262673 253118 230889 227719
67093 67744 68624 72700 67192 74920 67189 76496 92348 75194 81485 84882 87238 66517 53073 37654 58078 45818 73313 93217 84865 66691 73387 74377 187456 188405 210941 189441 202391 208856 188891 194891 228545 220576 209809 200679 171143 110464 182789 174807 191366 200799 193891 180920 169649 171414 175959 160799 81127 95591 124604 122709 131645 99468 101207 98996 98987 104100 95681 93407 108058 108906 122010 144854 133665 125841 155652 115431 170096 168620 165903 145186 121498 166560 168641 143861 116214 173788 1805 0 20976 26656 45239 47189 50103 37934 43629 18359 28070 32180 237370 257657 261733 252178 229949 226779
47060 47711 48591 52667 47160 54887 47157 56463 72315 55161 61452 64850 67205 46484 33040 17621 70943 42317 53280 73184 64832 43536 50232 51221 167423 168372 190908 169408 182358 188823 168858 174858 208512 200543 189776 180646 151110 159150 162756 154774 171333 180766 173858 160887 149617 151381 155926 140766 62465 78116 104571 102676 111612 79435 81174 78963 78954 84067 75648 73374 88025 88873 101977 124821 113632 105808 135619 95398 150063 148587 145870 125153 101465 146527 148608 123828 96181 153755 21885 20954 0 8510 58774 60724 63638 51469 36224 36616 48989 51899 217338 237624 241700 232145 209916 206746
55702 56354 57234 61310 55802 63529 55799 65106 80957 63804 70095 73492 75848 55126 41683 26263 79586 50735 61922 81826 73474 34107 40019 41009 111685 112634 135170 113670 126620 133085 113120 119120 152774 144805 134038 124908 95372 94002 107018 99036 115595 125028 118120 169530 158259 160024 164569 149408 55736 71387 113213 111318 120255 88077 89817 87606 87597 92709 84291 82016 96667 97516 110619 133463 122274 114451 144261 104041 158706 157229 154512 133796 110107 155169 157250 132471 104823 162398 27639 26709 8431 0 64529 66479 69392 57224 29495 42371 54744 58014 161600 181886 185962 176407 154178 151008
105347 105998 106878 110954 105446 113174 105443 114750 130602 113448 119739 123136 125492 104771 91327 75908 129230 91146 111567 131471 123118 65669 63834 64823 94705 95655 118191 96691 109641 116106 96141 86830 115627 107659 96891 82368 74734 67005 80426 82057 98616 108049 101141 130170 118899 120664 125209 131142 70866 52132 79815 92067 169899 137721 139461 137250 137241 142354 133935 131661 146311 147160 160264 183108 171919 164095 193906 153685 208350 206874 204157 183440 159752 204814 206895 182115 154468 212042 47522 46275 59230 64910 0 4947 11029 12167 31131 30914 72876 77897 144620 164907 168983 159428 137199 134029
107409 108061 108941 113017 107509 115236 107506 116813 132664 115510 121801 125199 127555 106833 93390 77970 131293 93208 113629 133533 125181 69643 67807 68797 95790 96739 119276 97776 110726 117191 97225 87914 116712 108743 97976 83452 75819 68090 81511 83142 99700 109134 102226 131255 119984 121749 126294 135572 74840 53217 83788 96497 171961 139784 141523 139313 139304 144416 135997 133723 148374 149223 162326 185170 173981 166158 195968 155748 210412 208936 206219 185503 161814 206876 208957 184177 156530 214105 49584 48337 61292 66972 4938 0 13091 16140 35104 32976 74938 79959 145705 165992 170068 160513 138283 135113
109764 110416 111296 115372 109864 117591 109861 119168 135019 117865 124156 127554 129910 109188 95745 80325 133648 95563 115984 135888 127536 78613 76778 77768 104358 105307 127844 106344 119293 125759 105793 96482 125280 117311 106543 92020 84386 76658 90079 91710 108268 117702 110793 139822 128551 130316 134861 203470 83810 61785 92759 165380 174316 142139 143878 141668 141659 146771 138352 136078 150729 151578 164681 187525 176336 168513 198323 158103 212767 211291 208574 187858 164169 209231 211312 186533 158885 216460 51940 50692 63647 69327 11433 13383 0 26888 44075 35331 77293 82315 154273 174560 178636 169081 146851 143681
96134 96786 97666 101742 96234 103961 96231 105538 121389 104236 110527 113924 116280 95558 82115 66695 120018 81933 102354 122258 113906 53502 51667 52657 100039 100988 123525 102025 114975 121440 101474 107475 141129 133160 122392 82894 83727 67531 95373 87391 103950 113383 106475 131607 120336 122101 126646 118975 58699 52658 67648 79900 93152 128509 130248 128038 128029 133141 124723 122448 137099 137948 151051 173895 162706 154883 184693 144473 199137 197661 194944 174228 150539 195601 197682 172903 145255 202830 38310 37062 50017 55698 12137 16181 26118 0 18964 21701 63663 68685 149954 170241 174317 164762 142532 139362
83356 84008 84888 88964 83456 91183 83453 92760 108611 91458 79532 80155 58939 82780 69337 53917 107240 78389 89576 109480 101128 35205 33370 34359 87090 88039 110576 89076 102025 108491 88525 94525 128179 120211 109443 100314 70777 65736 82423 74442 91000 100434 93525 113310 102039 103803 108349 100678 40402 43121 49351 61603 74855 115731 117471 115260 115251 120363 111945 109670 124321 125170 138273 161117 149928 142105 171915 131695 186360 184883 182166 161450 137761 182823 184904 160125 132477 190052 45101 43854 36085 29435 31729 35772 43746 19592 0 28347 70455 75476 137005 157292 161368 151813 129583 126413
83435 84086 84966 89042 83534 91262 83531 92838 108689 91536 97827 101224 103580 82859 69415 53995 107318 62713 89655 109559 101206 60677 58841 59831 114237 115186 137722 116222 129172 135637 115672 121672 155326 147357 136589 127460 97924 95233 109570 101588 118147 127580 120672 138781 127510 129275 133820 177141 65874 80360 74822 139051 147987 115809 117549 115338 115329 120442 112023 109749 124399 125248 138352 161196 150007 142183 171994 131773 186438 184962 182245 161528 137840 182902 184983 160203 132556 190130 18700 18364 37318 42998 30008 31958 34872 22703 28375 0 40673 48380 164151 184438 188514 178959 156730 153560
94895 95546 96426 100502 94994 102722 94991 104298 120149 102996 109287 112684 115040 94319 80875 65455 72168 58413 101115 121018 112666 94493 101189 102178 215257 216206 238743 217243 230193 236658 216692 222693 256346 248378 237610 228481 198944 136946 210591 202609 219167 228601 221693 208722 197451 199216 203761 188600 107609 122073 152405 150511 159447 127269 129009 126798 126789 131901 123483 121208 135859 136708 149812 172655 161466 153643 183453 143233 197898 196421 193704 172988 149300 194361 196442 171663 144015 201590 28090 28755 48778 54458 71721 73671 76584 64415 70110 40556 0 14451 265172 285459 289535 279980 257750 254580
98408 99060 99939 104015 98508 106235 98505 107811 123663 106509 112800 116198 118553 97832 84388 68969 57710 43956 104628 124532 116180 88434 95130 96120 218771 219720 242256 220756 233706 240171 220206 226206 259860 251891 241124 231994 202458 142091 214104 206122 222681 232114 225206 212236 200965 202729 207275 192114 112754 127218 155919 154024 162960 130783 132522 130311 130303 135415 126996 124722 139373 140221 153325 176169 164980 157156 186967 146747 201411 199935 197218 176501 152813 197875 199956 175176 147529 205103 31682 32172 52291 57971 76866 78816 81729 69561 75256 48380 14451 0 268686 288973 293048 283493 261264 258094
178248 179597 175126 176323 183473 179460 176642 180119 173680 173033 168437 169060 155185 173249 188838 201084 218277 233549 189593 209497 201145 151357 139768 137982 54792 60507 58568 48505 39101 39888 49932 49020 28373 36693 52511 55247 71528 87943 78478 67416 59119 68369 61461 103385 115340 123886 127738 159971 106640 100179 114171 120896 134148 206452 208191 205981 205972 211084 202665 198044 224338 213543 228994 251838 240649 232825 262636 222416 286376 284900 282183 261467 237778 282840 284921 260141 232494 290069 238018 237088 217434 159139 144397 145637 153862 158043 137829 164875 265123 259242 0 21195 30191 15594 17248 11686
198531 199880 195409 196606 203756 199743 196925 200402 193963 193316 188720 189343 175468 193532 209121 221367 238560 253832 209876 229780 221428 171640 160051 158265 75075 80790 51350 68788 59384 44176 70215 69303 48656 56975 72794 75530 91811 108226 98761 87699 79402 88652 81744 123668 135623 144168 148021 180254 126923 120462 134454 141179 154431 226735 228474 226264 226255 231367 222948 218327 244621 233826 249277 272121 260932 253108 282919 242699 306659 305183 302466 281750 258061 303123 305204 280424 252777 310351 258301 257371 237717 179422 164680 165920 174145 178326 158112 185158 285406 279525 21100 0 50013 35416 31850 30257
202183 203531 199061 200257 207407 203395 200576 204053 197615 196968 192372 192995 179120 197183 212772 225018 242211 257483 213528 233432 225079 175292 163703 161916 78727 84441 82502 72439 63036 63823 73867 72955 34725 43044 54200 79182 95463 111878 102413 91350 83054 92303 85395 127319 139275 147820 151672 183906 130575 124114 138105 144831 158083 230386 232126 229915 229906 235018 226600 221978 248272 237478 252929 275772 264583 256760 286570 246350 310311 308835 306118 285401 261713 306775 308855 284076 256429 314003 261953 261022 241368 183073 168332 169572 177796 181977 161763 188809 289057 283176 29680 49555 0 15084 48476 43119
193096 194444 189973 191170 198320 194307 191489 194966 188528 187881 183284 183907 170033 188096 203685 215931 233124 248396 204440 224344 215992 166205 154615 152829 69640 75354 73415 63352 53949 54736 64780 63868 21935 30254 41411 70095 86376 102791 93326 82263 73967 83216 76308 118232 130187 138733 142585 174819 121487 115027 129018 135744 148996 221299 223039 220828 220819 225931 217513 212891 239185 228391 243841 266685 255496 247673 277483 237263 301224 299747 297030 276314 252625 297687 299768 274989 247341 304916 252866 251935 232281 173986 159244 160485 168709 172890 152676 179722 279970 274089 15503 35378 15052 0 39389 34031
170106 171454 166983 168180 175330 171317 168499 171976 165538 164891 160294 160917 147043 165106 180695 192941 210134 225406 181450 201354 193002 143215 131625 129839 46650 52364 23774 40362 20164 13323 33967 40878 30692 39011 38888 47105 63386 79801 70336 59273 50977 60226 53318 95242 107197 115743 119595 151829 98497 92036 106028 112753 126006 198309 200049 197838 197829 202941 194523 189901 216195 205401 220851 243695 232506 224683 254493 214273 278234 276757 274040 253324 229635 274697 276778 251999 224351 281926 229876 228945 209291 150996 136254 137495 145719 149900 129686 156732 256980 251099 17552 30909 49000 39445 0 5741
166945 168294 163823 165020 172170 168157 165339 168816 162378 161730 157134 157757 143882 161946 177535 189781 206974 222246 178290 198194 189842 140055 128465 126679 43489 49204 29112 37202 27798 18660 38630 37717 25336 33655 34860 43944 60226 76640 67176 56113 47816 57066 50158 92082 104037 112583 116435 148668 95337 88876 102868 109593 122846 195149 196888 194678 194669 199781 191362 186741 213035 202241 217691 240535 229346 221523 251333 211113 275074 273597 270880 250164 226475 271537 273618 248839 221191 278766 226716 225785 206131 147836 133094 134335 142559 146740 126526 153572 253820 247939 11973 30328 43643 34088 5650 0
EOF